using dist_MA
classify(115): 30.90472s
classify_brute_force(115): 20.46515s

